{
  "accessors": [
    {
      "bufferView": 2,
      "componentType": 5126,
      "count": 1314,
      "max": [
        4.2101101875305176,
        1.8626123666763306,
        1.7630984783172607
      ],
      "min": [
        -3.6439206600189209,
        -3.5320968627929688,
        1.7630984783172607
      ],
      "type": "VEC3"
    },
    {
      "bufferView": 2,
      "byteOffset": 15768,
      "componentType": 5126,
      "count": 1314,
      "max": [
        0.99382680654525757,
        0.9913904070854187,
        0.99172914028167725
      ],
      "min": [
        -0.97896528244018555,
        -0.96969622373580933,
        -1
      ],
      "type": "VEC3"
    },
    {
      "bufferView": 1,
      "componentType": 5126,
      "count": 1314,
      "max": [
        0,
        1
      ],
      "min": [
        0,
        1
      ],
      "type": "VEC2"
    },
    {
      "bufferView": 0,
      "componentType": 5125,
      "count": 3936,
      "max": [
        1313
      ],
      "min": [
        0
      ],
      "type": "SCALAR"
    },
    {
      "bufferView": 2,
      "byteOffset": 31536,
      "componentType": 5126,
      "count": 18803,
      "max": [
        3.9023222923278809,
        1.9812383651733398,
        12.356515884399414
      ],
      "min": [
        -4.213076114654541,
        -3.6665856838226318,
        1.7630984783172607
      ],
      "type": "VEC3"
    },
    {
      "bufferView": 2,
      "byteOffset": 257172,
      "componentType": 5126,
      "count": 18803,
      "max": [
        0.99991488456726074,
        0.99978917837142944,
        0.99994045495986938
      ],
      "min": [
        -0.99994540214538574,
        -0.99993449449539185,
        -1
      ],
      "type": "VEC3"
    },
    {
      "bufferView": 1,
      "byteOffset": 10512,
      "componentType": 5126,
      "count": 18803,
      "max": [
        0.9993896484375,
        0.99932879209518433
      ],
      "min": [
        0.0006103515625,
        0.0020136833190917969
      ],
      "type": "VEC2"
    },
    {
      "bufferView": 0,
      "byteOffset": 15744,
      "componentType": 5125,
      "count": 71139,
      "max": [
        18802
      ],
      "min": [
        0
      ],
      "type": "SCALAR"
    },
    {
      "bufferView": 2,
      "byteOffset": 482808,
      "componentType": 5126,
      "count": 23045,
      "max": [
        4.2895474433898926,
        2.3116259574890137,
        3.7156863212585449
      ],
      "min": [
        -3.7091889381408691,
        -3.3457682132720947,
        1.7630984783172607
      ],
      "type": "VEC3"
    },
    {
      "bufferView": 2,
      "byteOffset": 759348,
      "componentType": 5126,
      "count": 23045,
      "max": [
        0.99969488382339478,
        0.9998772144317627,
        0.99998492002487183
      ],
      "min": [
        -0.99956315755844116,
        -0.99991852045059204,
        -1
      ],
      "type": "VEC3"
    },
    {
      "bufferView": 1,
      "byteOffset": 160936,
      "componentType": 5126,
      "count": 23045,
      "max": [
        0.9986572265625,
        0.86980849504470825
      ],
      "min": [
        0.0042724609375,
        0.0059686899185180664
      ],
      "type": "VEC2"
    },
    {
      "bufferView": 0,
      "byteOffset": 300300,
      "componentType": 5125,
      "count": 89391,
      "max": [
        23044
      ],
      "min": [
        0
      ],
      "type": "SCALAR"
    },
    {
      "bufferView": 2,
      "byteOffset": 1035888,
      "componentType": 5126,
      "count": 65532,
      "max": [
        1.6956219673156738,
        2.6928279399871826,
        13.705499649047852
      ],
      "min": [
        -3.7051403522491455,
        -3.0757930278778076,
        3.6212036609649658
      ],
      "type": "VEC3"
    },
    {
      "bufferView": 2,
      "byteOffset": 1822272,
      "componentType": 5126,
      "count": 65532,
      "max": [
        0.99957287311553955,
        0.99999094009399414,
        0.99994915723800659
      ],
      "min": [
        -0.99998337030410767,
        -0.99994510412216187,
        -0.99889147281646729
      ],
      "type": "VEC3"
    },
    {
      "bufferView": 1,
      "byteOffset": 345296,
      "componentType": 5126,
      "count": 65532,
      "max": [
        0.9993896484375,
        0.99938935041427612
      ],
      "min": [
        0.0006103515625,
        0.00061064958572387695
      ],
      "type": "VEC2"
    },
    {
      "bufferView": 0,
      "byteOffset": 657864,
      "componentType": 5125,
      "count": 244176,
      "max": [
        65531
      ],
      "min": [
        0
      ],
      "type": "SCALAR"
    },
    {
      "bufferView": 2,
      "byteOffset": 2608656,
      "componentType": 5126,
      "count": 6590,
      "max": [
        1.6057343482971191,
        2.6970505714416504,
        13.033831596374512
      ],
      "min": [
        -1.4704551696777344,
        1.9822753667831421,
        3.6289267539978027
      ],
      "type": "VEC3"
    },
    {
      "bufferView": 2,
      "byteOffset": 2687736,
      "componentType": 5126,
      "count": 6590,
      "max": [
        0.99941211938858032,
        0.99998384714126587,
        0.99970430135726929
      ],
      "min": [
        -0.99951022863388062,
        -0.75472456216812134,
        -0.99889147281646729
      ],
      "type": "VEC3"
    },
    {
      "bufferView": 1,
      "byteOffset": 869552,
      "componentType": 5126,
      "count": 6590,
      "max": [
        0.939208984375,
        0.99938935041427612
      ],
      "min": [
        0.0006103515625,
        0.0062286257743835449
      ],
      "type": "VEC2"
    },
    {
      "bufferView": 0,
      "byteOffset": 1634568,
      "componentType": 5125,
      "count": 25488,
      "max": [
        6589
      ],
      "min": [
        0
      ],
      "type": "SCALAR"
    }
  ],
  "asset": {
    "extras": {
      "author": "Addere Creations (https://sketchfab.com/adderecreations)",
      "license": "CC-BY-4.0 (http://creativecommons.org/licenses/by/4.0/)",
      "source": "https://sketchfab.com/3d-models/hanumananjaneya-idol-1d75f15d1cba49738c1a13e9e2846cb0",
      "title": "Hanuman/Anjaneya Idol"
    },
    "generator": "Sketchfab-8.7.0",
    "version": "2.0"
  },
  "bufferViews": [
    {
      "buffer": 0,
      "byteLength": 1736520,
      "byteOffset": 0,
      "name": "floatBufferViews",
      "target": 34963
    },
    {
      "buffer": 0,
      "byteLength": 922272,
      "byteOffset": 1736520,
      "byteStride": 8,
      "name": "floatBufferViews",
      "target": 34962
    },
    {
      "buffer": 0,
      "byteLength": 2766816,
      "byteOffset": 2658792,
      "byteStride": 12,
      "name": "floatBufferViews",
      "target": 34962
    }
  ],
  "buffers": [
    {
      "byteLength": 5425608,
      "uri": "scene.bin"
    }
  ],
  "extensionsUsed": [
    "KHR_materials_unlit"
  ],
  "images": [
    {
      "uri": "textures/Material_1_baseColor.jpeg"
    },
    {
      "uri": "textures/Material_2_baseColor.jpeg"
    },
    {
      "uri": "textures/Material_3_baseColor.jpeg"
    }
  ],
  "materials": [
    {
      "doubleSided": true,
      "emissiveFactor": [
        0,
        0,
        0
      ],
      "extensions": {
        "KHR_materials_unlit": {}
      },
      "name": "Material_0",
      "pbrMetallicRoughness": {
        "baseColorFactor": [
          0.5,
          0.5,
          0.5,
          1
        ],
        "metallicFactor": 0,
        "roughnessFactor": 1
      }
    },
    {
      "doubleSided": true,
      "emissiveFactor": [
        0,
        0,
        0
      ],
      "extensions": {
        "KHR_materials_unlit": {}
      },
      "name": "Material_1",
      "pbrMetallicRoughness": {
        "baseColorFactor": [
          1,
          1,
          1,
          1
        ],
        "baseColorTexture": {
          "index": 0,
          "texCoord": 0
        },
        "metallicFactor": 0,
        "roughnessFactor": 1
      }
    },
    {
      "doubleSided": true,
      "emissiveFactor": [
        0,
        0,
        0
      ],
      "extensions": {
        "KHR_materials_unlit": {}
      },
      "name": "Material_2",
      "pbrMetallicRoughness": {
        "baseColorFactor": [
          1,
          1,
          1,
          1
        ],
        "baseColorTexture": {
          "index": 1,
          "texCoord": 0
        },
        "metallicFactor": 0,
        "roughnessFactor": 1
      }
    },
    {
      "doubleSided": true,
      "emissiveFactor": [
        0,
        0,
        0
      ],
      "extensions": {
        "KHR_materials_unlit": {}
      },
      "name": "Material_3",
      "pbrMetallicRoughness": {
        "baseColorFactor": [
          1,
          1,
          1,
          1
        ],
        "baseColorTexture": {
          "index": 2,
          "texCoord": 0
        },
        "metallicFactor": 0,
        "roughnessFactor": 1
      }
    }
  ],
  "meshes": [
    {
      "name": "mainMeshNode_Material_0_0",
      "primitives": [
        {
          "attributes": {
            "NORMAL": 1,
            "POSITION": 0,
            "TEXCOORD_0": 2
          },
          "indices": 3,
          "material": 0,
          "mode": 4
        }
      ]
    },
    {
      "name": "mainMeshNode_Material_1_0",
      "primitives": [
        {
          "attributes": {
            "NORMAL": 5,
            "POSITION": 4,
            "TEXCOORD_0": 6
          },
          "indices": 7,
          "material": 1,
          "mode": 4
        }
      ]
    },
    {
      "name": "mainMeshNode_Material_2_0",
      "primitives": [
        {
          "attributes": {
            "NORMAL": 9,
            "POSITION": 8,
            "TEXCOORD_0": 10
          },
          "indices": 11,
          "material": 2,
          "mode": 4
        }
      ]
    },
    {
      "name": "mainMeshNode_Material_3_0",
      "primitives": [
        {
          "attributes": {
            "NORMAL": 13,
            "POSITION": 12,
            "TEXCOORD_0": 14
          },
          "indices": 15,
          "material": 3,
          "mode": 4
        }
      ]
    },
    {
      "name": "mainMeshNode_Material_3_0",
      "primitives": [
        {
          "attributes": {
            "NORMAL": 17,
            "POSITION": 16,
            "TEXCOORD_0": 18
          },
          "indices": 19,
          "material": 3,
          "mode": 4
        }
      ]
    }
  ],
  "nodes": [
    {
      "children": [
        1
      ],
      "name": "RootNode (gltf orientation matrix)",
      "rotation": [
        -0.70710678118654746,
        -0,
        -0,
        0.70710678118654757
      ]
    },
    {
      "children": [
        2
      ],
      "matrix": [
        1,
        -2.832769343193999e-16,
        -2.832769343193999e-16,
        0,
        -2.832769343193999e-16,
        -1,
        4.8795769672831353e-32,
        0,
        -2.832769343193999e-16,
        3.1450057482662597e-32,
        -1,
        0,
        -2.0539125955565396e-15,
        0.96953511238098145,
        -15.468598365783691,
        1
      ],
      "name": "RootNode (model correction matrix)"
    },
    {
      "children": [
        3
      ],
      "matrix": [
        1,
        0,
        0,
        0,
        0,
        -1,
        0,
        0,
        0,
        0,
        -1,
        0,
        0,
        0,
        0,
        1
      ],
      "name": "955e40c71bf141edb825d39b8e28fe65.fbx"
    },
    {
      "children": [
        4,
        6,
        8,
        10,
        12,
        14,
        16,
        18,
        20,
        22,
        24,
        26,
        28,
        30,
        32,
        34,
        36,
        38,
        40,
        42,
        44,
        46,
        48,
        50,
        52,
        54,
        56,
        58,
        60,
        62,
        64,
        66,
        68,
        70,
        72,
        74,
        76,
        78,
        80,
        82,
        84,
        86,
        88,
        90,
        92,
        94,
        96,
        98,
        100,
        102,
        104
      ],
      "name": "RootNode"
    },
    {
      "children": [
        5
      ],
      "matrix": [
        -0.021847150869196641,
        0.97037476201178985,
        -0.24061488576033907,
        0,
        0.99965684811159849,
        0.017723511360722921,
        -0.019288939022947704,
        0,
        -0.014452958952520356,
        -0.24095372666885395,
        -0.97042898430637781,
        0,
        0.57876396179199219,
        -12.48462963104248,
        9.1751928329467773,
        1
      ],
      "name": "_20191224_120608"
    },
    {
      "name": ""
    },
    {
      "children": [
        7
      ],
      "matrix": [
        0.41149383639498327,
        0.89551119441776894,
        -0.16950670571219162,
        0,
        0.90901853800688603,
        -0.4167237279140652,
        0.005160634963596894,
        0,
        -0.066016059930612131,
        -0.15620830728826449,
        -0.98551552223461858,
        0,
        -4.1669769287109375,
        -10.989611625671387,
        8.307978630065918,
        1
      ],
      "name": "_20191224_120621"
    },
    {
      "name": ""
    },
    {
      "children": [
        9
      ],
      "matrix": [
        0.74355274378499692,
        0.64936351984606744,
        -0.15955041931292027,
        0,
        0.66082617996163129,
        -0.75005473204663509,
        0.026956609797383679,
        0,
        -0.10216690798453462,
        -0.12547875528381974,
        -0.98682166822851181,
        0,
        -9.6766538619995117,
        -8.8105936050415039,
        7.8727331161499023,
        1
      ],
      "name": "_20191224_120628"
    },
    {
      "name": ""
    },
    {
      "children": [
        11
      ],
      "matrix": [
        0.84898338424967568,
        0.50830249849162412,
        -0.14441531530672258,
        0,
        0.51566028342331094,
        -0.8566378191648587,
        0.016313150408958109,
        0,
        -0.11541960564721321,
        -0.08831883606370261,
        -0.98938268522781136,
        0,
        -10.361193656921387,
        -6.9732708930969238,
        7.8176331520080566,
        1
      ],
      "name": "_20191224_120636"
    },
    {
      "name": ""
    },
    {
      "children": [
        13
      ],
      "matrix": [
        0.97720429816582133,
        0.14307484854351754,
        -0.15684816658314504,
        0,
        0.14594177897903443,
        -0.98926942313857391,
        0.0068560623909131209,
        0,
        -0.15418416518786604,
        -0.02959047409763747,
        -0.9875989302586341,
        0,
        -12.9232177734375,
        -2.0959584712982178,
        7.6828403472900391,
        1
      ],
      "name": "_20191224_120644"
    },
    {
      "name": ""
    },
    {
      "children": [
        15
      ],
      "matrix": [
        0.9558527698547763,
        -0.25727251222741143,
        -0.14197301438353879,
        0,
        -0.25627723508110856,
        -0.96626507447364807,
        0.025569212573272632,
        0,
        -0.14376182087096104,
        0.011944048921175567,
        -0.98954023594558005,
        0,
        -12.588274002075195,
        3.1092164516448975,
        7.8373708724975586,
        1
      ],
      "name": "_20191224_120656"
    },
    {
      "name": ""
    },
    {
      "children": [
        17
      ],
      "matrix": [
        0.80326714664691079,
        -0.5815344620430144,
        -0.12876164247970806,
        0,
        -0.58045037033402613,
        -0.81277677692338002,
        0.04971195503230541,
        0,
        -0.13356368779283595,
        0.034807762789124522,
        -0.99042877631498261,
        0,
        -10.982746124267578,
        7.791386604309082,
        7.7269225120544434,
        1
      ],
      "name": "_20191224_120714"
    },
    {
      "name": ""
    },
    {
      "children": [
        19
      ],
      "matrix": [
        0.532039245266542,
        -0.83948436101863511,
        -0.11045473779491015,
        0,
        -0.84356314817696698,
        -0.53678000302778051,
        0.01638424204107744,
        0,
        -0.073044209448613104,
        0.084458486575536618,
        -0.99374609811128178,
        0,
        -7.9560513496398926,
        11.291001319885254,
        7.6252255439758301,
        1
      ],
      "name": "_20191224_120722"
    },
    {
      "name": ""
    },
    {
      "children": [
        21
      ],
      "matrix": [
        0.28976970333559349,
        -0.94771446166081685,
        -0.13368177956531735,
        0,
        -0.95592458449353601,
        -0.29348749471765778,
        0.0085603274010531694,
        0,
        -0.047346676648552619,
        0.12530917605387373,
        -0.99098733725867394,
        0,
        -4.132840633392334,
        13.170613288879395,
        7.3501272201538086,
        1
      ],
      "name": "_20191224_120732"
    },
    {
      "name": ""
    },
    {
      "children": [
        23
      ],
      "matrix": [
        0.052011068803163085,
        -0.99209531755093772,
        -0.11420039236122125,
        0,
        -0.99861371115742381,
        -0.052594962677878554,
        0.0021037560005809572,
        0,
        -0.0080934918514835585,
        0.11393265903338176,
        -0.99345550710398367,
        0,
        -0.47168496251106262,
        14.355738639831543,
        7.4967465400695801,
        1
      ],
      "name": "_20191224_120740"
    },
    {
      "name": ""
    },
    {
      "children": [
        25
      ],
      "matrix": [
        -0.54007355809930813,
        -0.82772437685714961,
        -0.15229217904540188,
        0,
        -0.83936820851211125,
        0.54295983223459288,
        0.025605294744482109,
        0,
        0.061494409348511893,
        0.1416579561345786,
        -0.98800377584432919,
        0,
        7.3708419799804688,
        11.934239387512207,
        7.9454922676086426,
        1
      ],
      "name": "_20191224_120748"
    },
    {
      "name": ""
    },
    {
      "children": [
        27
      ],
      "matrix": [
        -0.82370819428677389,
        -0.54692634384712169,
        -0.14958738272609329,
        0,
        -0.55782399894723311,
        0.8289545084190213,
        0.040826574314973448,
        0,
        0.10167200629150543,
        0.11707261583222117,
        -0.98790526153010338,
        0,
        12.033932685852051,
        7.6316409111022949,
        7.9878301620483398,
        1
      ],
      "name": "_20191224_120754"
    },
    {
      "name": ""
    },
    {
      "children": [
        29
      ],
      "matrix": [
        -0.9600331567112157,
        -0.22213033099038529,
        -0.17027757946717562,
        0,
        -0.22900347352206493,
        0.97318608571661203,
        0.021592861839227387,
        0,
        0.16091534149958273,
        0.059724020474855269,
        -0.98515952730935497,
        0,
        14.627577781677246,
        4.0864830017089844,
        7.942223072052002,
        1
      ],
      "name": "_20191224_120802"
    },
    {
      "name": ""
    },
    {
      "children": [
        31
      ],
      "matrix": [
        -0.935323765526761,
        0.30472377092641684,
        -0.1797578289622615,
        0,
        0.30202963619790663,
        0.95233478086948364,
        0.042855151434019093,
        0,
        0.18424861600294634,
        -0.014208750073711054,
        -0.9827769629587082,
        0,
        14.40769100189209,
        -3.694145679473877,
        7.9824128150939941,
        1
      ],
      "name": "_20191224_120810"
    },
    {
      "name": ""
    },
    {
      "children": [
        33
      ],
      "matrix": [
        -0.79194980559433459,
        0.58140568107817714,
        -0.18650184832627567,
        0,
        0.58424472292929797,
        0.81031761332007357,
        0.045204748340498438,
        0,
        0.17740803011240516,
        -0.073162829040988309,
        -0.98141407738953679,
        0,
        14.769654273986816,
        -9.3203277587890625,
        7.9357295036315918,
        1
      ],
      "name": "_20191224_120817"
    },
    {
      "name": ""
    },
    {
      "children": [
        35
      ],
      "matrix": [
        -0.48354972380344163,
        0.85408893263480645,
        -0.19160313087304293,
        0,
        0.86597847320386889,
        0.49867839802257852,
        0.037431795216512562,
        0,
        0.12751842438295535,
        -0.14782405249610714,
        -0.98075843149397235,
        0,
        9.0424108505249023,
        -14.561457633972168,
        7.7744450569152832,
        1
      ],
      "name": "_20191224_120823"
    },
    {
      "name": ""
    },
    {
      "children": [
        37
      ],
      "matrix": [
        -0.14171929540813522,
        0.96675838842448769,
        -0.21282354127283293,
        0,
        0.9892652149556096,
        0.14605532317422476,
        0.0047092516713647253,
        0,
        0.035636719656180468,
        -0.20987153447611773,
        -0.97707930242574803,
        0,
        3.0760016441345215,
        -14.991320610046387,
        7.6481771469116211,
        1
      ],
      "name": "_20191224_120832"
    },
    {
      "name": ""
    },
    {
      "children": [
        39
      ],
      "matrix": [
        -0.05999323032455961,
        0.98243462511303103,
        -0.17670036698955269,
        0,
        0.99812739450706023,
        0.061158632791347811,
        0.0011515075511463191,
        0,
        0.011938033748135707,
        -0.17630039425398719,
        -0.98426401658097662,
        0,
        1.1001073122024536,
        -14.023672103881836,
        7.7416739463806152,
        1
      ],
      "name": "_20191224_120842"
    },
    {
      "name": ""
    },
    {
      "children": [
        41
      ],
      "matrix": [
        -0.0037724646435233211,
        0.45526893954857756,
        -0.89034597836617824,
        0,
        0.99999259155806963,
        0.0023986886850044797,
        -0.003010501879760874,
        0,
        0.00076507482573845431,
        -0.89035073930160014,
        -0.45527461568333116,
        0,
        0.85293197631835938,
        -6.6324968338012695,
        20.706571578979492,
        1
      ],
      "name": "_20191224_120924"
    },
    {
      "name": ""
    },
    {
      "children": [
        43
      ],
      "matrix": [
        0.18043743704009441,
        0.42637543925144833,
        -0.88636691957537328,
        0,
        0.91312121432885696,
        -0.40756134803844879,
        -0.010168359143734929,
        0,
        -0.36558443519520301,
        -0.80752568528079449,
        -0.46287178392594575,
        0,
        -2.4175212383270264,
        -7.2155380249023438,
        21.302766799926758,
        1
      ],
      "name": "_20191224_120932"
    },
    {
      "name": ""
    },
    {
      "children": [
        45
      ],
      "matrix": [
        0.32427547656055511,
        0.33007668159568471,
        -0.88650707812639928,
        0,
        0.6771236098444936,
        -0.73540517802044802,
        -0.026131229054037919,
        0,
        -0.66056720497810573,
        -0.59180115613903084,
        -0.46197657873524212,
        0,
        -5.6897568702697754,
        -5.6815743446350098,
        21.162616729736328,
        1
      ],
      "name": "_20191224_120937"
    },
    {
      "name": ""
    },
    {
      "children": [
        47
      ],
      "matrix": [
        0.41468765727364121,
        0.18106141352038355,
        -0.89176841805420515,
        0,
        0.36018126770364978,
        -0.93262602914255588,
        -0.021866507749988023,
        0,
        -0.83564561944659932,
        -0.31213050844124346,
        -0.4519634325915316,
        0,
        -7.243593692779541,
        -3.4735138416290283,
        21.162498474121094,
        1
      ],
      "name": "_20191224_120943"
    },
    {
      "name": ""
    },
    {
      "children": [
        49
      ],
      "matrix": [
        0.44867287531280275,
        0.010941829096809597,
        -0.8936290770417884,
        0,
        0.00050001588464551432,
        -0.9999279643739758,
        -0.011992332843634226,
        0,
        -0.89369592196823711,
        0.0049338057251595256,
        -0.44864602596970515,
        0,
        -7.4472894668579102,
        0.06507120281457901,
        21.213695526123047,
        1
      ],
      "name": "_20191224_120950"
    },
    {
      "name": ""
    },
    {
      "children": [
        51
      ],
      "matrix": [
        0.41634383883061621,
        -0.19662386854289865,
        -0.8876918734487832,
        0,
        -0.43848738349526412,
        -0.89871315740133362,
        -0.0065935748423804896,
        0,
        -0.79648391219362547,
        0.39198688120005981,
        -0.46039077161014719,
        0,
        -7.1205453872680664,
        3.9495115280151367,
        20.929340362548828,
        1
      ],
      "name": "_20191224_120959"
    },
    {
      "name": ""
    },
    {
      "children": [
        53
      ],
      "matrix": [
        0.3235875831221493,
        -0.32762365831545115,
        -0.88766762617613071,
        0,
        -0.73303525114134815,
        -0.67999668813709846,
        -0.016242681635703471,
        0,
        -0.59828955918794624,
        0.65594759137798397,
        -0.46019817549846365,
        0,
        -6.5655903816223145,
        6.5837163925170898,
        21.57048225402832,
        1
      ],
      "name": "_20191224_121004"
    },
    {
      "name": ""
    },
    {
      "children": [
        55
      ],
      "matrix": [
        0.16245103972345498,
        -0.43228995673234361,
        -0.88698086394302611,
        0,
        -0.94202241583837043,
        -0.33542778444541699,
        -0.009053699800590953,
        0,
        -0.29360420254282604,
        0.83702663919996434,
        -0.46171742171895991,
        0,
        -3.5230872631072998,
        7.9962282180786133,
        21.842077255249023,
        1
      ],
      "name": "_20191224_121010"
    },
    {
      "name": ""
    },
    {
      "children": [
        57
      ],
      "matrix": [
        -0.052113353929297057,
        -0.45089521598901938,
        -0.89105426464410997,
        0,
        -0.99359502793070842,
        0.11299580605220838,
        0.00093181864463726116,
        0,
        0.10026524230068273,
        0.88539564716166708,
        -0.45389583515775733,
        0,
        1.2009872198104858,
        9.3853969573974609,
        22.997650146484375,
        1
      ],
      "name": "_20191224_121017"
    },
    {
      "name": ""
    },
    {
      "children": [
        59
      ],
      "matrix": [
        -0.17992320157123531,
        -0.41296969622728841,
        -0.89279542535471001,
        0,
        -0.91292040349695469,
        0.40810947222601102,
        -0.0047953684284140485,
        0,
        0.36633861169048776,
        0.81418836191470323,
        -0.45043682454628198,
        0,
        4.1756987571716309,
        7.9408063888549805,
        22.54243278503418,
        1
      ],
      "name": "_20191224_121023"
    },
    {
      "name": ""
    },
    {
      "children": [
        61
      ],
      "matrix": [
        -0.34061845775568278,
        -0.31949698010468042,
        -0.88425151735246099,
        0,
        -0.70469464786391522,
        0.70934893034631419,
        0.015150851081455252,
        0,
        0.62240221682453289,
        0.6282879711728766,
        -0.46676515055365697,
        0,
        6.7705283164978027,
        7.608273983001709,
        22.577421188354492,
        1
      ],
      "name": "_20191224_121029"
    },
    {
      "name": ""
    },
    {
      "children": [
        63
      ],
      "matrix": [
        -0.43740876144439844,
        -0.19322117192768751,
        -0.87825916114240932,
        0,
        -0.41556759331239101,
        0.90953637437682677,
        0.0068672464644795594,
        0,
        0.79748175577891733,
        0.36797983967107184,
        -0.47813563639978529,
        0,
        9.6422653198242188,
        5.3186354637145996,
        22.399713516235352,
        1
      ],
      "name": "_20191224_121036"
    },
    {
      "name": ""
    },
    {
      "children": [
        65
      ],
      "matrix": [
        -0.47485554229372862,
        -0.032463411623465999,
        -0.87946480364975077,
        0,
        -0.058009697043749905,
        0.99830071220976779,
        -0.0055283858731844313,
        0,
        0.87814981011318438,
        0.048392302148543044,
        -0.47593181874186863,
        0,
        9.5188360214233398,
        2.0165290832519531,
        21.925168991088867,
        1
      ],
      "name": "_20191224_121041"
    },
    {
      "name": ""
    },
    {
      "children": [
        67
      ],
      "matrix": [
        -0.45206093636653311,
        0.23656886305694658,
        -0.86004423307371636,
        0,
        0.44661093865528334,
        0.89465640596616824,
        0.011339521028043309,
        0,
        0.77212666013087516,
        -0.37897900772423054,
        -0.51009345459385935,
        0,
        11.07924747467041,
        -4.795773983001709,
        21.902067184448242,
        1
      ],
      "name": "_20191224_121050"
    },
    {
      "name": ""
    },
    {
      "children": [
        69
      ],
      "matrix": [
        -0.28748328539975132,
        0.3947500004061405,
        -0.87265445497924177,
        0,
        0.80733934725836753,
        0.59008664745676542,
        0.00096273655178930051,
        0,
        0.51532178198112144,
        -0.70425150739816456,
        -0.48833725573952957,
        0,
        6.0561885833740234,
        -7.1127419471740723,
        21.053045272827148,
        1
      ],
      "name": "_20191224_121056"
    },
    {
      "name": ""
    },
    {
      "children": [
        71
      ],
      "matrix": [
        -0.095308171832415134,
        0.48496625348481615,
        -0.86932392430144467,
        0,
        0.9821144585532765,
        0.18826626312164474,
        -0.0026465960810330702,
        0,
        0.16238085688457027,
        -0.8540278374567849,
        -0.49423568281369556,
        0,
        2.793168306350708,
        -8.6372861862182617,
        20.667875289916992,
        1
      ],
      "name": "_20191224_121102"
    },
    {
      "name": ""
    },
    {
      "children": [
        73
      ],
      "matrix": [
        -0.0078037692643520007,
        0.48358211813741753,
        -0.87526420936937521,
        0,
        0.99994693548504676,
        0.0096604185977025026,
        -0.003578061846955416,
        0,
        0.0067251319193179504,
        -0.87524568626771637,
        -0.48363184476461196,
        0,
        0.54870718717575073,
        -7.4538102149963379,
        20.455926895141602,
        1
      ],
      "name": "_20191224_121112"
    },
    {
      "name": ""
    },
    {
      "children": [
        75
      ],
      "matrix": [
        0.016054806679146272,
        0.99320996552640606,
        0.11522242646954867,
        0,
        0.0035247564539406806,
        -0.11529278251962083,
        0.99332529938123681,
        0,
        0.99986490051128185,
        -0.015541514659733635,
        -0.0053518265709608936,
        0,
        0.75469022989273071,
        -15.575297355651855,
        3.8241302967071533,
        1
      ],
      "name": "_20191224_121209"
    },
    {
      "name": ""
    },
    {
      "children": [
        77
      ],
      "matrix": [
        0.58545910557325331,
        0.78654200625921855,
        0.19644161496762774,
        0,
        -0.18791194086582658,
        -0.10405248723308658,
        0.97665868264232747,
        0,
        0.78862331830944754,
        -0.60870744392551324,
        0.086882158860515535,
        0,
        -6.439598560333252,
        -12.064233779907227,
        3.4310050010681152,
        1
      ],
      "name": "_20191224_121223"
    },
    {
      "name": ""
    },
    {
      "children": [
        79
      ],
      "matrix": [
        0.75283349528567411,
        0.63075641685911343,
        0.18811717350366253,
        0,
        -0.1524647985764869,
        -0.11091868447351705,
        0.9820649319824506,
        0,
        0.6403094670321422,
        -0.76801262230885015,
        0.012664849122564603,
        0,
        -9.7152566909790039,
        -9.905827522277832,
        3.2654244899749756,
        1
      ],
      "name": "_20191224_121233"
    },
    {
      "name": ""
    },
    {
      "children": [
        81
      ],
      "matrix": [
        0.88995988986828234,
        0.417727800701026,
        0.1829614138202878,
        0,
        -0.17572966730371553,
        -0.05608755111605368,
        0.98283939208760318,
        0,
        0.4208211953489987,
        -0.90683938552054955,
        0.023491496626479313,
        0,
        -12.042616844177246,
        -6.0536222457885742,
        3.6662821769714355,
        1
      ],
      "name": "_20191224_121242"
    },
    {
      "name": ""
    },
    {
      "children": [
        83
      ],
      "matrix": [
        0.96452413388763869,
        0.068599674739256544,
        0.254926028043369,
        0,
        -0.25582580182800158,
        0.0045193307988639075,
        0.96671233299683867,
        0,
        0.065164056560042524,
        -0.99763403123329686,
        0.021908570419836404,
        0,
        -12.794866561889648,
        -1.1078195571899414,
        2.9270877838134766,
        1
      ],
      "name": "_20191224_121259"
    },
    {
      "name": ""
    },
    {
      "children": [
        85
      ],
      "matrix": [
        0.9020300436357005,
        -0.35570140930441591,
        0.24457781542369858,
        0,
        -0.20925967843200061,
        0.13524252069385312,
        0.96846262064103872,
        0,
        -0.37756083928436235,
        -0.92476265496354526,
        0.047558854314026955,
        0,
        -13.369860649108887,
        5.3880963325500488,
        2.2115888595581055,
        1
      ],
      "name": "_20191224_121306"
    },
    {
      "name": ""
    },
    {
      "children": [
        87
      ],
      "matrix": [
        0.65623606127753131,
        -0.71707727993668724,
        0.23484975298593375,
        0,
        -0.15629572041673634,
        0.17531366555851069,
        0.97202714285551306,
        0,
        -0.73819095067493579,
        -0.67458527501498311,
        0.0029710393120652157,
        0,
        -9.7714529037475586,
        11.312773704528809,
        2.5291805267333984,
        1
      ],
      "name": "_20191224_121316"
    },
    {
      "name": ""
    },
    {
      "children": [
        89
      ],
      "matrix": [
        0.21991881773351563,
        -0.94048760212706184,
        0.25907293153083766,
        0,
        -0.0612426002741151,
        0.25174019390227986,
        0.96585517479884508,
        0,
        -0.97359388736698504,
        -0.22827602813114645,
        -0.0022355004608332063,
        0,
        -3.6995100975036621,
        14.040143013000488,
        2.3722565174102783,
        1
      ],
      "name": "_20191224_121327"
    },
    {
      "name": ""
    },
    {
      "children": [
        91
      ],
      "matrix": [
        -0.038283336215318542,
        -0.97355637215386537,
        0.22521628805845573,
        0,
        0.031458043856421092,
        0.22409560542277518,
        0.9740593160105433,
        0,
        -0.9987716343814298,
        0.044375104155417955,
        0.022047051645138982,
        0,
        0.68383365869522095,
        14.971240997314453,
        2.9257345199584961,
        1
      ],
      "name": "_20191224_121343"
    },
    {
      "name": ""
    },
    {
      "children": [
        93
      ],
      "matrix": [
        -0.34556695723822606,
        -0.90057466572490097,
        0.26372096905554754,
        0,
        0.11050775065190083,
        0.24002406846906488,
        0.96445657424345188,
        0,
        -0.93186453688879656,
        0.36242753483978102,
        0.016576093598551944,
        0,
        6.0306458473205566,
        12.528895378112793,
        3.3074281215667725,
        1
      ],
      "name": "_20191224_121351"
    },
    {
      "name": ""
    },
    {
      "children": [
        95
      ],
      "matrix": [
        -0.77739825047331079,
        -0.56142677932406526,
        0.28364049714179129,
        0,
        0.2241588649523415,
        0.1740523225814149,
        0.95888403483804696,
        0,
        -0.58771146273006547,
        0.80901530298370883,
        -0.0094591814584770173,
        0,
        11.669610977172852,
        6.9364819526672363,
        2.9701032638549805,
        1
      ],
      "name": "_20191224_121400"
    },
    {
      "name": ""
    },
    {
      "children": [
        97
      ],
      "matrix": [
        -0.94272564832350492,
        -0.23984925756416947,
        0.23182037364939209,
        0,
        0.22834272242501075,
        0.042590351634750112,
        0.97264878710825675,
        0,
        -0.24316240068843206,
        0.96987545365038752,
        0.01461681558662431,
        0,
        13.442266464233398,
        2.4342002868652344,
        3.5994045734405518,
        1
      ],
      "name": "_20191224_121413"
    },
    {
      "name": ""
    },
    {
      "children": [
        99
      ],
      "matrix": [
        -0.48945470879847841,
        0.83450847587145094,
        0.2530408894501141,
        0,
        0.14870262525635575,
        -0.20605180259847211,
        0.96717639750346907,
        0,
        0.8592564327817771,
        0.5110168865552569,
        -0.023240576122528278,
        0,
        7.9258508682250977,
        -12.178218841552734,
        2.7241361141204834,
        1
      ],
      "name": "_20191224_121438"
    },
    {
      "name": ""
    },
    {
      "children": [
        101
      ],
      "matrix": [
        -0.22295788261036065,
        0.94402664309213469,
        0.24311207233311155,
        0,
        0.017385147097130738,
        -0.24549941846510626,
        0.96924083291703411,
        0,
        0.97467304222611806,
        0.22032642298528371,
        0.038323988469287529,
        0,
        2.3063535690307617,
        -13.754491806030273,
        2.4804954528808594,
        1
      ],
      "name": "_20191224_121449"
    },
    {
      "name": ""
    },
    {
      "children": [
        103
      ],
      "matrix": [
        -0.02616227139735261,
        0.97923712824293041,
        0.20102284006020338,
        0,
        0.0088269512216468948,
        -0.20085753918710081,
        0.97958069289050054,
        0,
        0.99961873756320818,
        0.027402474746656247,
        -0.0033887889130086446,
        0,
        0.54680192470550537,
        -14.4249267578125,
        2.7277698516845703,
        1
      ],
      "name": "_20191224_121501"
    },
    {
      "name": ""
    },
    {
      "children": [
        105,
        106,
        107,
        108,
        109
      ],
      "name": "mainMeshNode"
    },
    {
      "mesh": 0,
      "name": "mainMeshNode_Material_0_0"
    },
    {
      "mesh": 1,
      "name": "mainMeshNode_Material_1_0"
    },
    {
      "mesh": 2,
      "name": "mainMeshNode_Material_2_0"
    },
    {
      "mesh": 3,
      "name": "mainMeshNode_Material_3_0"
    },
    {
      "mesh": 4,
      "name": "mainMeshNode_Material_3_0"
    }
  ],
  "samplers": [
    {
      "magFilter": 9729,
      "minFilter": 9987,
      "wrapS": 10497,
      "wrapT": 10497
    }
  ],
  "scene": 0,
  "scenes": [
    {
      "name": "OSG_Scene",
      "nodes": [
        0
      ]
    }
  ],
  "textures": [
    {
      "sampler": 0,
      "source": 0
    },
    {
      "sampler": 0,
      "source": 1
    },
    {
      "sampler": 0,
      "source": 2
    }
  ]
}

